function z = mtp0101(x, y)
    z = 10-500 * y + 5000 * x;
end